"RNA" "pos" "strand" "Reads_2dpi_Mock" "Reads_7dpi_Mock" "Reads_14dpi_Mock" "Reads_21dpi_Mock" "Reads_2dpi_TYLCV" "Reads_7dpi_TYLCV" "Reads_14dpi_TYLCV" "Reads_21dpi_TYLCV"
"1" "AAAAAAACUCUUCAAGUUCAUCUG" 684 "+" 3172 3289 780 3401 4787 2135 2233 2439
"2" "AAAAAAAGAAGAAGAAAGAAAUGG" 658 "-" 1126 3883 885 3895 2021 4669 1347 2190
"3" "AAAAAAGAAGAAGAAAGAAAUUGU" 1180 "-" 4695 259 968 983 2648 3932 2871 2275
"4" "AAAAAAUGUUGAGCUCUUAGCU" 2552 "-" 67 4405 3678 3273 8 2702 1176 4471
"5" "AAAAAGAAGAAGAAAGAAAUGG" 791 "-" 4666 382 4476 1789 1927 211 604 2189
"6" "AAAAAGAAGAAGAAAGAAAUGGA" 488 "-" 1195 576 3211 3405 2466 4674 2769 3791
"7" "AAAAAUGGAUACCAGGUCGAAGAAC" 2695 "+" 913 2852 884 1572 422 1730 948 873
"8" "AAAAAUGUUGAGCUCUUAGCU" 2215 "-" 89 1636 200 2931 3341 306 4695 3844
"9" "AAAAAUGUUGAGCUCUUAGCUGC" 1824 "-" 681 952 2019 4440 4766 2870 3711 839
"10" "AAAAAUGUUGAGCUCUUAGCUGCU" 258 "-" 2017 3145 4548 1164 3656 2340 1945 3885
"11" "AAAAGAAAGAAGAAAGAAAGAGAA" 686 "+" 4019 4585 4288 485 2028 3337 387 2002
"12" "AAAAGAAGAAGAAAGAAAAAAAC" 357 "+" 457 4562 317 3673 570 4109 1152 1482
"13" "AAAAGAAGAAGAAAGAAGACU" 196 "-" 2591 4853 1186 4069 3282 1991 4742 4548
"14" "AAAAGAAGAAGAAAGAUGGGAAG" 2065 "+" 591 3545 793 4789 2817 1366 1757 4051
"15" "AAAAGAAGGGAAGAAAGAAAUUAA" 2025 "+" 650 3170 1253 1909 29 261 1714 1469
"16" "AAAAGAUUGUUGCAGUUGAGGUG" 1894 "-" 36 3757 4559 3585 3938 4576 793 2
"17" "AAAAGAUUGUUGCAGUUGAGGUGGA" 862 "+" 2601 2462 1293 2124 2216 208 2121 325
"18" "AAAAGUGGAGUUCUCUGCAAACUU" 2077 "-" 3889 3769 2074 1058 4774 1348 587 11
"19" "AAAAUUCAUAAAUUCAAAAUUCUG" 2075 "-" 3761 1442 1396 166 3802 1490 4 478
"20" "AAACCAAAAUCAAUGAAGUCAC" 2527 "-" 2547 3192 4291 4210 2394 3809 2601 2197
"21" "AAAGAAAGAAAAUGGAGGGGCUCA" 2038 "+" 944 4522 4461 2042 1150 4058 3223 4815
"22" "AAAGAAAGAAAGAAAAUGGAGGGA" 579 "+" 4097 1224 4525 4448 27 3645 2714 3206
"23" "AAAGAAGAAAGAAAUGGAGA" 64 "-" 926 2074 1757 2856 2929 4557 4045 3574
"24" "AAAGAAGAAGAAAGAAUUGGAGAA" 2022 "+" 1914 1680 2309 4276 3298 3603 1313 989
"25" "AAAGAAGAAGGAAAGAGAAAAAAG" 519 "+" 2444 2217 4740 660 150 2294 2515 1348
"26" "AAAGAAGAGAGAAAGAAAGGGAU" 928 "-" 989 1793 4790 1164 1948 1785 4011 2498
"27" "AAAGAAGGAAAGAAAGAAAUAAAA" 653 "-" 814 1366 601 4964 536 3957 3625 3026
"28" "AAAGCCCAGAAUAUACAGAAAGU" 719 "-" 3994 3658 928 2034 4419 2301 2872 932
"29" "AAAUAGAUCUAGGUCUACACGCU" 789 "-" 4564 325 4276 4500 4283 2729 977 3259
"30" "AAAUUGUGUUCUGUUAUCUUGAAAU" 2625 "+" 1957 4023 1749 3283 3807 4243 443 90
"31" "AACCAAAAUCAAUGAAGUCUC" 870 "+" 1169 885 3050 3463 510 239 119 1781
"32" "AAGAAAAAGAAAUGGAGAAAC" 507 "-" 3723 1739 4538 4036 2380 4787 3546 3107
"33" "AAGAAAGAAAAUGGAGGAAACUUG" 383 "-" 882 1668 2403 3808 3691 2595 2109 2609
"34" "AAGAAAGAAAAUGGAGGGAGCUU" 2175 "-" 3088 786 601 4358 433 3000 4565 567
"35" "AAGAAAGAAAAUGGAGGGAGCUUG" 268 "-" 1732 1 3373 127 1359 4999 607 669
"36" "AAGAAAGAAAGAAAGGAGAAA" 1220 "+" 4282 1504 2591 2669 4919 373 4150 3637
"37" "AAGAAGAAGAAAGAAAAAGAGAAAC" 917 "-" 2439 1848 2636 3892 1199 1451 1511 4577
"38" "AAGAAGAAGAAAGAAACGGAG" 836 "+" 631 3356 4401 3561 4103 3953 1183 264
"39" "AAGAAGAAGAAGAAAGAAAUAUA" 749 "-" 645 4587 3271 3353 4204 2670 435 1452
"40" "AAGAAGAAGAAGAAGAAAUGGAAC" 542 "+" 1190 2742 3705 4187 3392 4257 2602 1862
"41" "AAGAAGAAGAAGAAGAAGAAAUG" 2254 "+" 2689 3836 1803 2574 1613 4697 1254 384
"42" "AAGAAGGAAGAAAGAAAAAU" 2498 "-" 3388 2882 1953 2643 4567 740 2346 4057
"43" "AAGAGGUUCUGUGUUAAAUUC" 1348 "+" 1867 2583 4820 1537 4736 454 2426 982
"44" "AAGAGGUUCUGUGUUAAAUUCGAUA" 2456 "+" 1079 4274 2456 2005 2139 53 3400 985
"45" "AAGAGGUUCUGUGUUAAAUUGAUA" 576 "-" 4560 1264 895 4310 3237 3875 1509 1004
"46" "AAGAGGUUCUGUGUUAAAUUUUA" 2282 "-" 2189 2067 3876 809 4786 1882 3624 888
"47" "AAGAUUGUUGCAGUUGAGGU" 2104 "+" 2994 677 897 1947 2904 103 4353 4500
"48" "AAGAUUUAUUGCCUGAAUUG" 2414 "-" 1154 235 3556 4534 1972 4708 582 4717
"49" "AAGCAGCCAAGUACGAGAACC" 1754 "-" 1063 508 4920 3135 3465 3503 3685 1132
"50" "AAGCAGCCAAGUACGAGAACCAUAC" 2551 "+" 586 3812 138 1253 1748 1956 2976 2208
"51" "AAGCCCAGAAUAUACAGAAAG" 1806 "-" 2110 112 598 1998 4062 809 1903 4894
"52" "AAGCCCAGAAUAUACAGAAAUUU" 2063 "+" 3088 3720 480 3845 778 4379 1391 2877
"53" "AAGGAAGAAGAAAAAAUGGAGGG" 596 "-" 625 3141 423 3256 4372 4303 4765 813
"54" "AAGGAGAAGAAGAAGAAAAAAUG" 937 "-" 3615 3893 3106 3340 3737 1229 3853 835
"55" "AAGGCUGAACUUCGACUGGU" 647 "+" 4068 3559 1257 3547 3527 3699 1201 3880
"56" "AAGGUUCUAGAGUUCUCUGCAAACU" 246 "-" 4576 1793 3097 211 2598 3735 2085 423
"57" "AAGUCUCCGUCUUUCUCCAU" 397 "+" 2504 1191 3308 556 54 4307 4484 2246
"58" "AAGUCUCCGUCUUUCUCCAUC" 1588 "+" 2783 3025 2205 1369 2409 4323 1341 4736
"59" "AAGUCUCCGUCUUUCUCCAUU" 732 "-" 3549 4390 206 932 2074 1437 4065 3170
"60" "AAUAACUUUUUGGUCCGUGAUA" 1777 "+" 701 3704 2774 2420 4731 2601 4972 3085
"61" "AAUCAAUGAAGUCUCCAAUUUUUUU" 1931 "+" 2960 3305 1886 147 2490 1364 2487 848
"62" "AAUUCAAAAUUCAAAACGCGCGA" 1278 "+" 1143 4725 4430 4711 3662 4506 2064 3357
"63" "AAUUCCUUGAAGUGCUUUAAAUA" 2063 "-" 610 3222 3960 4999 2123 947 1291 829
"64" "AAUUCCUUGAAGUGCUUUAAAUAA" 1777 "+" 1735 4700 4118 2609 3086 4117 880 4355
"65" "ACAAACUUUGAUGUAUUUUU" 2 "-" 4884 279 1876 2646 2186 1931 1408 961
"66" "ACAGUGUUUUUAAUAUGUUCGA" 1663 "-" 4240 1817 1502 4148 787 645 2620 3093
"67" "ACAGUGUUUUUAAUAUGUUCGAUA" 975 "-" 676 901 690 3425 4588 1634 2463 3076
"68" "ACGUUGAGGUGGAGGUAGUA" 1595 "+" 1766 2156 1809 1843 1611 3366 1653 2296
"69" "ACUAAUUUCAGCAACAGUUUUAAG" 454 "+" 3163 195 2970 3263 949 374 2732 2542
"70" "ACUGUUAUUUGAAAUAGAGUUG" 2408 "+" 2325 1522 1734 3740 862 2837 2037 3172
"71" "AGAAAACUCUUCAAGUUCAUCUG" 844 "+" 3819 3646 406 684 3841 51 1313 174
"72" "AGAAAAGAAAGAAGAAAGAAGAAU" 392 "+" 366 2684 2074 1549 630 2824 4459 3347
"73" "AGAGGUUCUGUGUUAAAUUACUC" 855 "+" 610 419 2177 2102 654 2587 4124 2630
"74" "AGAGGUUCUGUGUUAAAUUGA" 2592 "+" 4976 4007 1270 4053 392 792 3069 2077
"75" "AGAGGUUCUGUGUUAAAUUGAAA" 550 "+" 4780 2069 3933 1604 4345 56 4266 1702
"76" "AGAGGUUCUGUGUUAAAUUGAUA" 2456 "+" 4322 4810 621 4219 2825 2963 4343 1326
"77" "AGAGGUUCUGUGUUAAAUUGC" 23 "+" 2858 3256 4154 4928 1364 1481 1095 1232
"78" "AGAGUAAAAAAAGAAGAAGAAAGAU" 1290 "-" 115 1042 2769 4789 2067 2849 1807 1837
"79" "AGAUAUAUUUUUUUCUUCGUCUA" 576 "-" 1991 4927 33 3276 3488 1827 3362 2053
"80" "AGAUUUUUUUAAAAUUAACAGUCA" 1295 "+" 2187 1311 873 768 1220 4775 2030 4207
"81" "AGCAGCCAAGUACGAGAACCAU" 970 "+" 4146 3569 2514 890 571 1944 195 2357
"82" "AGCUCCAUGUAGACUUAUAAUCAA" 1986 "+" 255 1733 3965 4589 4144 4061 1340 3550
"83" "AGGAAAUGACCAGUCUGAGGCU" 1101 "+" 2932 3430 596 4963 946 4635 3200 1071
"84" "AGGAGAAGAAGAAGAAAUGGCU" 1515 "-" 697 1885 2110 4922 2360 3001 4159 420
"85" "AGGAUAUUUUUUUUCUUCUGUUGU" 270 "-" 4604 313 1424 4443 3853 4746 2590 1501
"86" "AGGUAAAAUAUAGUCCUUUGGG" 995 "-" 2183 3562 630 3083 763 1252 1836 1980
"87" "AGGUAAAAUAUAGUCCUUUGGGG" 2286 "-" 105 202 3891 468 4730 2059 824 3004
"88" "AGGUUUCAAGUGAUGAGUUUU" 258 "-" 726 3630 2157 1087 1435 3000 446 2854
"89" "AGUGUUCUUUUGUCUUUAUAUACUU" 1617 "-" 4028 3886 3340 4541 1015 2847 2914 4463
"90" "AGUUCAGAAAACUCCAAAAUCAU" 243 "+" 3981 1969 3625 662 4212 2021 3440 4737
"91" "AGUUCUAGGUUUUUUAAUUGGG" 127 "+" 2773 92 1507 2023 4355 4092 707 3012
"92" "AGUUGAGGUGGAGGUAGUAUGA" 1567 "-" 2623 2508 3722 3913 3423 3751 3657 1843
"93" "AGUUGAGGUGGAGGUAGUAUGAC" 593 "+" 2172 3514 2717 2277 2091 3966 3751 16
"94" "AGUUGAGGUGGAGGUAGUAUGAGCA" 777 "-" 4559 778 1765 152 3407 4425 4034 433
"95" "AGUUGAGGUGGAGGUAGUAUGAGG" 703 "+" 4166 873 3021 3257 1816 2104 4256 1006
"96" "AGUUGAGGUGGAGGUAGUAUGUGC" 2225 "+" 720 4436 4610 4574 2567 4279 1873 4948
"97" "AUAGAGAGAGAACAAUUGGGA" 692 "-" 667 4358 3125 1980 3288 620 3582 4750
"98" "AUAUAUUUUUUUCUUCAUCUA" 2201 "-" 2446 81 3099 3602 873 3924 2592 1717
"99" "AUAUAUUUUUUUCUUCGUCA" 1853 "+" 3942 1432 4536 3440 1081 1183 4580 1664
"100" "AUAUAUUUUUUUCUUCGUCAA" 2684 "+" 4556 1709 347 1665 1677 4696 1124 3334
"101" "AUAUAUUUUUUUCUUCGUCAC" 224 "+" 4435 3747 4422 4424 4834 2009 1815 1007
"102" "AUAUAUUUUUUUCUUCGUCC" 2569 "+" 3727 979 1729 715 4834 4576 2942 4881
"103" "AUAUAUUUUUUUUCUUCGUCC" 1047 "+" 4541 3053 1945 1983 3893 1596 2888 3827
"104" "AUAUAUUUUUUUUCUUCGUCU" 1716 "-" 924 863 4234 4977 629 4255 1097 2619
"105" "AUAUUCUUUUUGGUCCGUGAUA" 1730 "-" 4435 91 3311 98 2436 2317 4896 1212
"106" "AUCUAAAUUUGAACUUAAAU" 879 "-" 1521 3628 4765 4580 532 4826 1802 4572
"107" "AUCUAAAUUUGAACUUAAAUUAU" 1431 "-" 1278 3964 2054 4646 2632 3742 2982 2304
"108" "AUCUAAAUUUGAACUUAAAUUAUGA" 179 "-" 513 3682 2101 1467 512 1902 2331 1131
"109" "AUCUUUUAAUAUAUUGAGGG" 1676 "+" 4185 3784 3224 3850 2392 1570 378 2623
"110" "AUCUUUUAAUAUAUUGAGGGCC" 1159 "-" 4505 2413 1727 1230 838 3457 4734 3861
"111" "AUGAAGAAGAAGAAGAAAGAAAAU" 788 "+" 2616 1403 836 3387 4923 788 3661 1134
"112" "AUGUUCGAUAAUGAGCCCAUAUUCU" 125 "+" 2740 144 74 4420 2403 2909 4388 1582
"113" "AUUCCUUGAAGUGCUUUAAAU" 2780 "-" 3029 266 184 3066 1990 1463 4474 4302
"114" "AUUCCUUGAAGUGCUUUAAAUA" 1490 "-" 2701 3652 4815 47 1159 3194 715 4294
"115" "AUUCUUGCGAACAGUGGCUCGUA" 1666 "+" 1940 87 1597 1845 4531 1062 2970 907
"116" "AUUCUUUUUGGUCCGUGAUAGA" 2342 "+" 1528 4871 2262 1503 3686 1949 3943 2692
"117" "AUUGAGGUGGAGGUAGUAUG" 8 "-" 3455 104 2029 4217 995 4406 4825 2061
"118" "AUUGAGGUGGAGGUAGUAUGAGC" 799 "-" 4546 4529 4336 3579 2514 2411 4870 3423
"119" "AUUUCUUGCAACAGUUAUUGGU" 954 "+" 3242 2026 2923 3998 3893 922 4524 806
"120" "AUUUUCAAGAAGAAGAAAAAAUGG" 1547 "-" 2618 1555 3626 551 4388 4689 3586 4004
"121" "CAAAUUCGGAAGUUGAGAGAAC" 749 "+" 3232 665 9 4942 2228 1025 4207 345
"122" "CAAAUUCGGAAGUUGAUAAAAC" 71 "+" 2142 4883 3946 2624 4795 1360 3871 4339
"123" "CAAAUUCGGAAGUUGAUAAAACU" 1982 "-" 68 2207 2883 2551 4976 3060 966 3731
"124" "CAAGAGGUUCUGUGUUAAAUCGA" 2070 "+" 1305 3300 1176 2786 2450 4658 3905 4520
"125" "CAAUCUUGACAUCUGUUGAGCUCU" 1119 "+" 632 4153 4743 2685 2910 2853 3420 4600
"126" "CAGAAUAACACUAAUCAGGUCAUG" 1544 "+" 1804 3597 3695 3031 1535 2259 1263 2439
"127" "CAGCCAAGUACGAGAACCACAC" 1217 "+" 3543 2137 685 2161 2682 3566 1383 1859
"128" "CAGUUUCUUCUUGGCUAUCUUG" 471 "+" 2098 3290 351 3073 2057 4584 4653 2984
"129" "CAUCUAUUUCUAUGAUUCAAUAUC" 2744 "+" 1335 3636 4866 2575 1569 2485 2545 4824
"130" "CAUGAUCAACUGCUCUGAUUAC" 192 "-" 2287 2910 1828 3326 2977 898 4644 535
"131" "CAUGAUCAACUGCUCUGAUUU" 504 "-" 1531 139 4141 262 4111 513 3269 2886
"132" "CAUUGAGGUGGAGGUAGUAUGAGC" 628 "+" 1606 1873 154 4697 2131 2895 4737 4841
"133" "CGAAAUCCAGUCUUCCAUGAGCA" 2767 "-" 3870 2520 41 557 3334 1314 4908 2351
"134" "CGGAAGUUGAGAAAACAUUUG" 2168 "-" 2146 4612 4560 2984 3390 2698 1886 4364
"135" "CGGAAGUUGAGAAAACAUUUGU" 2090 "-" 211 516 3905 4546 3338 888 3301 2567
"136" "CGGAAGUUGAGAAAACAUUUGUAA" 1122 "+" 1751 2553 3453 4563 769 1599 1247 1378
"137" "CGGAAGUUGAGAAAACAUUUGUGG" 2275 "+" 72 4776 601 1438 650 2445 4892 3878
"138" "CGGAAGUUGAGAAAACAUUUGUGU" 42 "-" 1175 2248 4582 3754 763 2615 4926 1066
"139" "CGUGAAUCCAUGAUUGCUGCAG" 492 "+" 1742 2252 1473 826 2109 1212 1259 3408
"140" "CUCCGUCUUUCUCCACAAUU" 2402 "-" 3247 3557 3849 3241 1496 1928 1315 4257
"141" "CUGGGCCCCCAUGAAUUCUUUGAAC" 2665 "-" 3143 2230 2334 2220 3184 1193 1750 2970
"142" "CUUCCUGAAGUUGUGGUUGAAUCUU" 2219 "+" 1386 464 3354 1213 4620 4117 3167 24
"143" "CUUUUGCAGAGGAAGAUAGUGG" 2394 "-" 4853 111 2465 4315 4118 2398 4946 4952
"144" "GAAAAAGAAGAAGAAAGAAUGCA" 61 "-" 2714 2423 2457 4011 4761 943 685 62
"145" "GAAAAUGGGCCACGAUUUAAUU" 1283 "+" 4309 2308 2164 695 1382 2997 2452 4592
"146" "GAAGAAGAAAGAAAUGAGAAAACA" 2653 "-" 4154 1047 4698 3518 4928 4532 2424 1421
"147" "GAAGAAGAAGAAAGAAAGAAAGA" 524 "-" 3634 1948 659 3369 18 2724 1010 133
"148" "GAAGAGAAAAGAAGAAGAAGAAAU" 2192 "-" 4792 621 2725 278 3457 4915 333 1936
"149" "GAAGUGAAUUUGAACAUUAAAUU" 1814 "+" 4234 3864 4178 1808 864 2775 1109 4917
"150" "GAAGUUCAUUAGAAAUGGCCGCUG" 853 "-" 2292 4102 826 4541 2602 611 1963 1620
"151" "GAAUGGGAAAAGAAAAGAAAGAA" 2243 "+" 29 2441 2183 1660 4506 4620 3539 2737
"152" "GAAUUCCUUGAAGUGCUUUAA" 2502 "+" 3514 2793 3388 1328 4610 3674 1937 2350
"153" "GAAUUCCUUGAAGUGCUUUAAAUA" 302 "-" 2345 1457 986 1339 4087 1252 1312 4703
"154" "GAGAUUAAGCCCAAUGGAUUUUGGA" 144 "+" 4117 1331 3406 3675 1892 50 4560 4461
"155" "GAGGUGGAGGUAGUAUGAGUAGCC" 1731 "-" 417 3149 239 1193 1534 2484 1204 2481
"156" "GAUAUAUUUUUUUCUUCGUCA" 1880 "+" 717 277 4466 3052 2417 214 2702 3664
"157" "GAUAUAUUUUUUUCUUCGUCU" 1726 "+" 4924 2599 3122 3920 1290 1366 4081 3788
"158" "GAUAUAUUUUUUUCUUCGUCUAGA" 1354 "+" 2145 1387 4142 287 1895 352 1222 2725
"159" "GAUAUAUUUUUUUCUUCGUCUAGAU" 875 "+" 426 3611 4151 2923 3309 946 4176 2040
"160" "GAUAUAUUUUUUUCUUCGUCUC" 2103 "+" 2044 715 3625 1186 2472 2284 1815 4316
"161" "GAUAUAUUUUUUUCUUCGUCUU" 61 "+" 2427 2648 220 1888 2110 2490 1274 2250
"162" "GAUCUUCGAAUCUUGGAUAAAUCU" 2100 "-" 324 1700 1755 4741 4708 1688 2944 82
"163" "GCAGCCAAGUACGAGAACCA" 564 "-" 3875 765 3077 1029 2661 4371 4610 1198
"164" "GCAGCCAAGUACGAGAACCAA" 121 "+" 2384 3304 3611 1924 2989 4170 536 2640
"165" "GCAGCCAAGUACGAGAACCAUAAA" 976 "-" 723 2584 4396 2119 957 4655 3210 4907
"166" "GCAGCCAAGUACGAGAACCAUAC" 119 "+" 1006 4663 4805 1642 354 1203 1060 668
"167" "GCAGCCAAGUACGAGAACCAUACU" 943 "+" 4713 1544 4464 971 2077 2204 4715 100
"168" "GCAGCCAAGUACGAGAACCAUG" 1763 "-" 3701 1471 2925 3135 3273 3586 67 3516
"169" "GCAUGAUCAACUGCUCUGAUUA" 1020 "-" 197 2272 1449 4570 2196 3357 3777 4925
"170" "GCGUGAAUCCAUGAAUUGUUGAAC" 817 "+" 4104 4525 624 656 3877 2880 1807 3776
"171" "GCUUAAGAAAUGACCAGUCUGA" 1041 "+" 778 3660 827 1714 3730 2643 1625 2418
"172" "GGAAGAAGAAAGAAAUGGAG" 1925 "+" 1039 2415 1505 4399 3848 530 1156 4574
"173" "GGGAUAUGGUUAGGAAUCCUACUU" 891 "-" 3950 1426 1607 2757 852 3550 856 682
"174" "GGGAUAUGGUUAGGAAUCCUAGU" 1056 "-" 2720 2363 4692 4403 4500 4772 2919 3185
"175" "GGUAGAGGUAGUAUGAGCAGCCU" 2468 "+" 3128 4336 2848 2315 1483 1873 106 2434
"176" "GGUGCCCAUGUAAAGUCCAG" 1070 "+" 3192 1514 2598 3193 2886 2328 2976 2722
"177" "GUAAAAGAAGAAGAAAGAGAGG" 1016 "+" 2932 1712 316 2495 4965 4753 427 3246
"178" "GUACCAUUCUCUGCCUGAGGAGCA" 1353 "+" 2540 113 2924 4202 4742 4642 2954 2397
"179" "GUCCAUGAUUGUUGCAGUUU" 198 "+" 1773 1926 1197 3805 1840 1746 1258 1055
"180" "GUUCUCUGCAAACUUGAUGUAU" 243 "-" 4374 3504 3414 2920 559 2062 4500 2073
"181" "UAAAAGAAAGAAGAAAAACA" 2375 "-" 2288 2128 839 1438 772 1302 4337 1071
"182" "UAAAAGAAGAAGAAAGAAAAAUA" 535 "+" 1169 393 1721 2523 3539 1891 3760 554
"183" "UAAAGAAGAAGAAGAAAUAAAAU" 540 "+" 1481 4865 1051 2000 3863 2437 3136 197
"184" "UAAGAGGUUCUGUGUUAAAUAA" 2543 "+" 1652 3114 697 1144 2363 2434 2374 1399
"185" "UAAGAGGUUCUGUGUUAAAUAU" 1207 "+" 572 4439 2463 4818 1345 4089 1628 1217
"186" "UAAGAGGUUCUGUGUUAAAUCAAU" 1132 "-" 3539 4765 4684 1560 4135 3549 3864 318
"187" "UAAGAGGUUCUGUGUUAAAUCG" 300 "+" 3729 1554 3975 1883 1197 4152 4549 3917
"188" "UAAGAGGUUCUGUGUUAAAUCGAA" 2243 "+" 1252 2536 2680 285 211 2756 2113 2257
"189" "UAAGAGGUUCUGUGUUAAAUCGAUU" 391 "-" 3559 1038 393 1776 1505 814 840 965
"190" "UAAGAGGUUCUGUGUUAAAUCGC" 1984 "+" 4863 1679 852 1136 344 1786 2663 480
"191" "UAAGAGGUUCUGUGUUAAAUCGGA" 1303 "+" 3394 1392 3731 3567 674 1254 1071 3788
"192" "UAAGAGGUUCUGUGUUAAAUCUUU" 1282 "+" 2366 1350 2783 3888 3577 3259 4730 293
"193" "UAAGAGGUUCUGUGUUAAAUGA" 1840 "+" 3097 450 4468 2486 4207 1312 4717 1944
"194" "UAAGAGGUUCUGUGUUAAAUU" 68 "-" 2649 1643 3331 90 2317 3823 4610 37
"195" "UAAGAGGUUCUGUGUUAAAUUCC" 857 "-" 1501 4934 2687 2095 1079 479 3976 1710
"196" "UAAGAGGUUCUGUGUUAAAUUGAA" 1538 "-" 3210 569 449 2370 766 2364 4794 2438
"197" "UAAGAGGUUCUGUGUUAAAUUUA" 624 "+" 2350 977 3486 533 2925 3119 1406 4644
"198" "UAUACUUUUUUCUUCGUCUAGAUA" 1858 "-" 850 3237 2238 1306 1704 1125 4338 3844
"199" "UAUCUAAAUUUGAACUUAAAU" 753 "-" 299 2610 1169 4994 4583 919 235 2246
"200" "UAUCUAAAUUUGAACUUAAAUC" 1589 "-" 3859 3182 4399 2674 513 2411 3548 2416
"201" "UAUCUAAAUUUGAACUUAAAUU" 585 "+" 2937 840 4621 4515 3185 4540 3919 4768
"202" "UAUCUAAAUUUGAACUUAAAUUAU" 1635 "+" 2828 2008 4365 656 4773 4511 295 3359
"203" "UAUCUAAAUUUGAACUUAAAUUU" 748 "-" 421 1211 1894 417 4700 374 2136 3951
"204" "UAUGUUCGAUAAUGAGCCCAAA" 1617 "-" 3254 2446 2636 871 3849 4311 1874 3399
"205" "UAUGUUCGAUAAUGAGCCCAGGU" 1474 "-" 382 4391 3034 3940 3333 1121 1999 546
"206" "UAUGUUCGAUAAUGAGCCCAGUAC" 1496 "+" 1528 4608 945 3274 117 267 1184 1307
"207" "UAUGUUCGAUAAUGAGCCCAGUACC" 966 "+" 4521 2582 1239 3827 4874 2193 745 179
"208" "UAUUCUUUUUGGUCCGUGAUA" 2214 "-" 1126 3047 3851 3379 2412 931 2814 1102
"209" "UAUUUGUUGGGGUUUCUAUUUUUUU" 813 "-" 340 3197 1932 2334 2712 3071 2449 615
"210" "UCCAAAAUCAAUGAAGUCUU" 2555 "+" 3831 4741 1546 3031 526 4114 1801 4950
"211" "UCCAAAAUCAAUGAAGUCUUCCGU" 1614 "-" 2315 2650 2853 3189 10 1650 4333 2095
"212" "UCCAAAAUCAAUGAAGUCUUCG" 1389 "+" 3175 306 82 4289 3682 3506 1688 1877
"213" "UCCAAAAUCAAUGAAGUCUUU" 1569 "-" 3593 4536 1193 2700 694 216 3739 3674
"214" "UCUUUUAAUAUAUUGAGGGU" 555 "-" 2513 932 909 909 3094 2981 4695 1104
"215" "UGAAAUGAAAUUUAUAUAUUUAUA" 2624 "-" 2848 291 235 538 2172 3854 2752 1581
"216" "UGAAUUCCUUGAAGUGCUUC" 1057 "+" 1262 2655 3018 3600 2797 2101 3621 3166
"217" "UGAAUUCCUUGAAGUGCUUU" 384 "+" 1842 4548 772 1475 3892 56 3056 4868
"218" "UGAAUUCCUUGAAGUGCUUUA" 2451 "-" 1295 4672 4073 3857 718 1706 332 900
"219" "UGAAUUCCUUGAAGUGCUUUAA" 2043 "+" 3877 1467 270 1191 1839 1388 3099 1673
"220" "UGAAUUCCUUGAAGUGCUUUAAAU" 910 "+" 4983 1977 3025 2781 79 2884 902 2420
"221" "UGAAUUUAUUGCCUGAAUUGA" 1120 "+" 3404 4007 2849 3108 2846 34 3786 808
"222" "UGAAUUUCCUGAAUCUGUUA" 407 "-" 3928 2388 4876 1517 4764 1962 1197 4650
"223" "UGAGGUGGAGGUAGUAUGAGCA" 1828 "+" 2452 1276 4763 340 3934 441 4318 3241
"224" "UGAGGUGGAGGUAGUAUGAGCAGC" 429 "-" 3589 696 1517 3651 4416 2986 2158 282
"225" "UGAGGUGGAGGUAGUAUGAGCAU" 2138 "+" 4611 1302 138 4751 2617 1077 347 4159
"226" "UGAGGUGGAGGUAGUAUGAGCUU" 1572 "-" 557 3770 986 4563 1527 2337 4765 4965
"227" "UGAGGUGGAGGUAGUAUGAGCUUU" 1026 "-" 4951 1976 3600 168 1307 666 4703 3148
"228" "UGAGGUGGAGGUAGUAUGAGUA" 424 "-" 4987 3467 4205 754 1140 545 3996 581
"229" "UGCAUUAGUUAAGAGAUUUU" 2300 "+" 3176 4751 4716 818 1418 1697 2583 4448
"230" "UGCAUUAGUUAAGAGAUUUUUUU" 37 "-" 58 4194 4095 2044 1797 4956 1120 1438
"231" "UGCUUCGGCAUAUGCGUCCU" 1290 "-" 2943 3933 1918 2683 4190 2607 1842 4309
"232" "UGGGAUAUGGUUAGGAAUCCUAC" 2374 "-" 4041 93 3677 3676 865 2204 2645 4777
"233" "UGGGAUAUGGUUAGGAAUCCUACU" 2528 "-" 1710 1249 4615 4727 3268 4847 3473 3197
"234" "UGGGAUAUGGUUAGGAAUCCUACUU" 1203 "-" 1337 4323 3252 4821 474 2349 3836 2409
"235" "UGGGAUAUGGUUAGGAAUUCUACU" 2756 "+" 3794 1048 3752 3498 4232 224 654 650
"236" "UGUCUUUAUAUCUUGGUCCCCAA" 1306 "+" 1541 4197 4665 745 4721 4840 165 3399
"237" "UGUUAGCUAUUAAAUAUUUGC" 1755 "-" 2669 3228 1670 3380 2743 4465 1581 932
"238" "UGUUAGCUAUUAAAUAUUUGCA" 1462 "-" 1668 4868 4177 825 2074 4983 4167 1527
"239" "UUAUCUAAAUUUGAACUUAAAUU" 628 "+" 2006 1400 2895 2039 1338 1288 2238 1314
"240" "UUAUGAGCAACGGGAUGAUUAUUC" 1766 "-" 4681 3506 560 3659 621 87 467 14
"241" "UUAUGAGCAACGGGAUGAUUUA" 811 "+" 3522 4922 836 3261 4232 3558 2501 199
"242" "UUAUGAGCAACGGGAUGAUUUUUUU" 1272 "+" 4143 2527 650 3321 4687 2204 2348 2270
"243" "UUAUGUUCGAUAAUGAGCCCAGUAU" 2526 "-" 674 3315 1723 4155 4221 1823 3452 4702
"244" "UUAUUUUAUAUCAUGAGUUUCUGU" 2589 "+" 1901 2513 570 4881 2830 921 3716 1445
"245" "UUCAAAAUUUCAAAAUUCAUCCCC" 778 "-" 2416 4939 1219 1499 4425 4166 4118 639
"246" "UUCCAAAAUCAAUGAAGUCUCCG" 2779 "-" 2427 3452 2073 3822 2989 4991 1106 671
"247" "UUCCAAAAUCAAUGAAGUCUCCGU" 1496 "+" 2850 634 3182 2622 1783 2733 1399 337
"248" "UUCCCCCUUUAAUUUGAAUGG" 1834 "+" 2514 3386 1459 518 4644 1841 2815 3788
"249" "UUCCCCCUUUAAUUUGAAUGGG" 1611 "-" 3522 4637 2251 1825 745 4139 2568 1424
"250" "UUCCCCCUUUAAUUUGAAUGGGC" 1400 "+" 1756 2806 1034 732 2831 2121 549 2179
"251" "UUCCUCUUUAGAGAGAGAACAA" 216 "-" 988 2842 3177 1514 919 4086 3015 3822
"252" "UUGAGGUGGAGGUAGUAUGA" 2006 "-" 4114 252 4241 1136 2215 2722 2571 4379
"253" "UUGAGGUGGAGGUAGUAUGAGC" 45 "+" 1966 2135 1287 2021 4268 1019 3684 2249
"254" "UUGAGGUGGAGGUAGUAUGAGCA" 1855 "+" 3431 1924 2244 2863 2957 3839 2691 779
"255" "UUGAGGUGGAGGUAGUAUGAGCAU" 819 "+" 1185 4387 1167 4396 139 2870 1660 2110
"256" "UUGAGGUGGAGGUAGUAUGAGCC" 1513 "-" 2435 3993 2788 114 2651 2249 992 3827
"257" "UUGAGGUGGAGGUAGUAUGAGCUA" 2630 "+" 2007 2083 2097 178 4197 654 398 4900
"258" "UUGAGGUGGAGGUAGUAUGAUU" 292 "-" 4977 4010 2216 2008 2711 3377 217 757
"259" "UUGGGAUAUGGUUAGGAAUUCUACU" 2519 "+" 3944 4216 3746 955 2334 1184 956 4350
"260" "UUGUCUUUAUAUCUUGGUCCC" 1016 "+" 452 3084 1782 2951 1398 4488 4255 1931
"261" "UUGUGGUUGAAUCUUAUUUGA" 1776 "-" 3373 3249 776 3522 1669 2759 662 2302
"262" "UUUAUUGCCUGAAUUGAUUC" 2497 "-" 676 1271 3361 3491 2808 4031 1924 3070
"263" "UUUCCAAAAUCAAUGAAGUCUCC" 1983 "-" 1400 2587 1103 3540 2129 1632 738 3439
"264" "UUUGUUGGGGUUUCUAGUUUU" 755 "+" 2987 1719 856 498 3642 1328 4111 575
"265" "UUUGUUGGGGUUUCUAGUUUUCU" 2579 "-" 4647 2365 3808 2275 4857 3325 3884 2670
"266" "AAAAAAAGAAAGAAAAUGGAGAGA" 761 "-" 3169 1588 854 4254 4643 312 28 930
"267" "AAAAAAGAAAGAAAUGGAGAA" 1718 "-" 2134 2005 800 2480 4053 1578 68 405
"268" "AAAAAAGAAGAAGAAAGAAAUG" 1267 "-" 2296 3011 3279 4873 4881 927 2316 545
"269" "AAAAAGAAGAAGAAAGAAAU" 2529 "-" 2197 3149 2967 3963 1157 293 630 645
"270" "AAAAAUGUUGAGCUCUUAGCUGCC" 2550 "+" 3503 4949 4549 2951 4291 4206 2607 3414
"271" "AAAAGAAAGAAAUGGAGAAA" 2569 "+" 1136 2074 978 592 718 2832 4861 131
"272" "AAAAGAAAGAAAUGGAGAAAC" 1385 "-" 4460 629 2454 4771 2503 4161 1770 483
"273" "AAAAUAGACGAGAACCAUACUGAA" 140 "-" 4828 1283 4850 3964 2893 3091 4980 1953
"274" "AAAAUGGAUACCAGGUCGAAGAAC" 2509 "+" 3800 4719 3297 4600 958 2781 1882 2472
"275" "AAAAUUCAAAAUUCAAAACGCGCG" 944 "+" 3883 3540 3452 3563 1358 2944 4996 680
"276" "AAAAUUGUGUUCUGUUAUCUUGAA" 390 "+" 2621 2304 1767 45 4583 4039 776 419
"277" "AAAGAAGAGAGAAAGAAAGGGA" 490 "+" 1949 3113 2054 4896 162 2756 4728 2503
"278" "AAAGCCCAGAAUAUACAGAAA" 2270 "+" 1947 2613 3391 1098 3428 3318 3188 2435
"279" "AAAGCCCAGAAUAUACAGAAU" 2452 "+" 4456 576 3968 2195 4741 1727 484 1541
"280" "AAAGCCCAGAAUAUACAGAAUA" 1186 "-" 1247 3521 222 4584 574 53 4565 2054
"281" "AAAGCCCAGAAUAUACAGAAUG" 447 "-" 1830 4115 1174 4460 4390 970 4735 4078
"282" "AAAGCCCAGAAUAUACAGAAUGU" 92 "+" 3191 2126 268 4643 4780 2731 3508 3245
"283" "AAAGCCCAGAAUAUACAGAAUGUU" 2297 "+" 407 1489 3077 4582 1872 352 2033 1697
"284" "AAAGCCCAGAAUAUACAGAAUU" 2420 "-" 849 1898 1570 4687 1011 3076 336 4276
"285" "AAAUAAAUUAGGUCUCCAUGGC" 2289 "+" 2287 300 4570 2508 4336 3148 3315 3879
"286" "AAAUUGAUUAAAAGAAGAAGAAA" 1912 "-" 1930 2287 4991 3518 902 1870 3693 495
"287" "AACCAAAAUCAAUGAAGUCU" 1862 "+" 813 4807 827 2129 902 1017 4785 4714
"288" "AAGAAAGAAAAUGGAGGAAG" 1523 "+" 593 2861 175 4992 4816 3635 4051 4893
"289" "AAGAGGUUCUGUGUUAAAUUCU" 2118 "+" 3462 2315 2338 2155 1618 811 4610 408
"290" "AAGAGGUUCUGUGUUAAAUUU" 2055 "-" 4787 3097 346 4744 3911 179 4067 3884
"291" "AAGAGGUUCUGUGUUAAAUUUUAA" 1551 "-" 3366 4752 2843 915 4905 3156 1037 140
"292" "AAUCAAAAUCAUUAAAGCGGCC" 2238 "-" 2596 2889 3609 956 2994 1805 2118 3023
"293" "AAUUCCUGAUGUUGUGGUUGAU" 518 "+" 687 924 108 4247 4547 3274 1661 3110
"294" "AAUUGGAAGAACUUUGAUUAUUUUU" 2248 "+" 3097 2465 1571 2806 4592 3142 983 1684
"295" "AGAAAAAAGAAAGAAAAUGGAGAG" 893 "-" 4183 2960 1179 2817 1658 1943 1205 4562
"296" "AGAAAGAAAGAAAAUGGAGGGAGA" 1300 "-" 4194 255 3323 2086 3217 2145 2006 1666
"297" "AGAAGAAAGAAAUGGAGAGAAGUC" 1922 "-" 146 688 2867 4390 104 4967 1940 1780
"298" "AGAGGUUCUGUGUUAAAUUAUU" 1594 "-" 3252 4565 2310 3998 1280 279 368 652
"299" "AGAGGUUCUGUGUUAAAUUGAUAU" 563 "-" 1019 1450 2561 482 4758 3698 2231 1301
"300" "AGCAAAAUUCAAAAUUCAAAA" 2590 "+" 2047 3318 4291 4604 4076 4597 2647 286
"301" "AGCAGCCAAGUACGAGAACC" 354 "+" 3988 3698 68 500 32 4510 4771 2298
"302" "AGCUGGAACUUGAUUAAAAGAAG" 258 "+" 3941 4343 2943 83 4405 995 4383 557
"303" "AGGAAAUGACCAGUCUGAGGC" 1764 "+" 960 1413 1898 41 1312 3075 250 3759
"304" "AGGAAAUGACCAGUCUGAGGCUG" 153 "-" 2857 4606 2664 1887 3121 3729 3915 934
"305" "AGGAAAUGACCAGUCUGAGGCUGU" 1004 "+" 1361 2010 368 3026 856 2070 70 785
"306" "AGGAUAUAUUUUUUUCUUCAAA" 1340 "+" 1033 2002 4399 398 3567 1347 4233 4574
"307" "AGGAUAUAUUUUUUUCUUCAUC" 1575 "-" 1190 2312 1367 4053 3744 4035 137 1273
"308" "AGGUAAAAUAUAGUCCUUUGG" 701 "+" 4416 1536 4728 1893 4931 3595 185 2699
"309" "AGUAUGGAUGGAUGAAAAUAUCA" 208 "+" 4746 1224 933 3569 3497 4990 4411 4960
"310" "AGUCUACACGCUUACGCCUAA" 2234 "-" 498 1439 2269 2559 3626 3278 4911 1180
"311" "AGUGAUAGGUUUCAAGUGAUGAGAA" 1495 "-" 1805 2177 2283 3987 3896 3515 2137 1099
"312" "AGUGCCAUUCUCUGCCUGAGGA" 785 "-" 472 4213 3300 4228 4953 4980 2661 4824
"313" "AGUGGUUCAUUAGAAAUGUCCG" 1698 "+" 2587 1127 94 1947 4967 4301 2982 1671
"314" "AGUUGAGGUGGAGGUAGUAUG" 1122 "+" 1806 3389 2890 198 3993 4514 3843 2361
"315" "AGUUGAGGUGGAGGUAGUAUGAA" 1624 "+" 780 1165 4756 3304 2988 908 2849 2344
"316" "AGUUGAGGUGGAGGUAGUAUGAUC" 2317 "+" 4248 1451 896 3923 4977 2740 2482 2895
"317" "AGUUGAGGUGGAGGUAGUAUU" 2185 "-" 769 883 3649 2337 4465 567 4517 1421
"318" "AUAUAUUUUUUUCUUCGUCCA" 1070 "-" 4624 3576 877 186 1972 3706 2316 1676
"319" "AUAUAUUUUUUUCUUCGUCCU" 1038 "-" 4309 3451 14 1320 4476 4366 2479 2509
"320" "AUAUAUUUUUUUUCUUCGUCUU" 630 "-" 4259 3654 3743 4382 2864 286 3825 991
"321" "AUCUAAAUUUGAACUUAAAUUA" 977 "-" 4553 3743 1179 3439 599 3371 4278 830
"322" "AUCUAAAUUUGAACUUAAAUUAAU" 73 "-" 2026 4692 3399 1557 660 4687 2590 3323
"323" "AUCUAAAUUUGAACUUAAAUUAUG" 2535 "+" 1736 4436 1684 772 2776 1406 3367 540
"324" "AUCUAAAUUUGAACUUAAAUUU" 2416 "-" 3469 4976 844 3170 1844 425 3745 1920
"325" "AUGCUCUUUUUGGUCCGUGAUA" 2071 "-" 2340 4166 3472 3174 1973 3167 1222 3526
"326" "AUGGAAAUUACACCAAGACGG" 546 "-" 3229 2430 4016 964 296 3941 535 2906
"327" "AUUCCUUGAAGUGCUUUAAAUAA" 2780 "+" 247 926 1476 1379 4441 4654 1363 2379
"328" "AUUCUUGCGAACAGUGGCUCG" 709 "+" 75 4728 1258 2513 1720 4030 156 4393
"329" "AUUGAGGUGGAGGUAGUAUGAG" 1810 "+" 441 2146 2657 2929 1762 1624 4448 641
"330" "AUUGAGGUGGAGGUAGUAUGAGCA" 1424 "-" 4230 4617 342 1005 1301 3423 504 388
"331" "CAAAUUCGGAAGUUGAGAGAACU" 533 "-" 2243 4754 2840 3622 3369 1856 1488 3345
"332" "CAAGAUUGUUGCAGUUGAGGUG" 1995 "+" 4668 263 4195 1433 3387 2007 521 33
"333" "CAAUCUUGACAUCUGUUGAGCUC" 2568 "-" 3320 3701 855 4319 1718 1458 1689 3427
"334" "CAUCUAUUUCUAUGAUUCAA" 1854 "+" 408 3160 3460 551 124 3576 1467 1292
"335" "CAUCUAUUUCUAUGAUUCAAUA" 667 "-" 4916 2248 739 3073 4666 257 785 4469
"336" "CAUGAUCAACUGCUCUGAUUA" 835 "-" 1405 4509 4019 2854 3237 3000 3993 4105
"337" "CAUGAUCAACUGCUCUGAUUACAU" 563 "-" 3490 4704 985 2835 3495 2431 4811 109
"338" "CAUGAUCAACUGCUCUGAUUACAUU" 1743 "+" 6 1281 1075 3559 2048 1856 2964 1009
"339" "CAUGAUCAACUGCUCUGAUUACU" 2318 "-" 206 4299 2718 2116 4215 4383 2238 3351
"340" "CAUGAUCAACUGCUCUGAUUC" 403 "+" 3381 3028 516 2790 2390 4190 2337 4085
"341" "CAUUUUCUAUUUCUUGAUUCAUGU" 1074 "-" 3981 3012 880 1808 3319 139 4740 2454
"342" "CCGGAAUACUUUCAAGAACUUC" 786 "-" 204 3840 2505 2067 34 2584 502 347
"343" "CGAAAUUCAAAAUUCAAAAUGGAU" 1281 "-" 2796 4371 423 4825 1715 1111 4754 4193
"344" "CGGAAGUUGAGAAAACAUUU" 2560 "-" 2868 2552 2194 2668 1221 3549 1141 3138
"345" "CGGAAGUUGAGAAAACAUUUGU-GUU" 492 "+" 4831 4000 3865 1326 1669 105 3867 2415
"346" "CGGAAGUUGAGAAAACAUUUGUA" 1776 "+" 1288 1404 2601 2762 3517 699 4379 2205
"347" "CGGAAGUUGAGAAAACAUUUGUGA" 1276 "+" 2949 3621 3080 709 2514 1142 3040 4665
"348" "CUCAAAACCGAAACCCAGAAUA" 1965 "-" 3348 4930 3578 1787 588 2456 244 3988
"349" "CUUAAGAAAUGACCAGUCUUAG" 1380 "+" 3483 3518 993 4867 3245 4715 905 621
"350" "CUUUGAUUAAAAAUGAAGAAGUCU" 418 "-" 3849 3835 4914 3301 793 1501 856 1218
"351" "GAAGAAGAAAGAAAUGGAAA" 1467 "-" 3977 2302 668 411 3924 4552 2870 1377
"352" "GAAUGGGAAAAGAAAAGAAAGAAU" 1229 "-" 2091 1379 4240 1480 4722 49 3643 2954
"353" "GAGAACAAUUGGGAUAUGUAU" 136 "+" 775 1873 661 4333 580 3082 4009 1915
"354" "GAGAGAACAAUUUGGGAUAUGUAU" 202 "+" 1483 2630 3626 1220 622 4823 3607 627
"355" "GAGGUGAAGAAGAAGAAAGAAACA" 2224 "+" 3745 1165 816 4556 954 1280 673 3011
"356" "GAGGUGGAGGUAGUAUGAGUA" 27 "-" 2543 164 3416 4212 2201 4770 2556 2434
"357" "GAGUCUACACGCUUACGCCUUAU" 2530 "+" 4372 933 3546 775 2344 2671 4126 1506
"358" "GAUAUAUUUUUUUCUUCGUCUA" 2317 "-" 4879 1394 3975 58 4609 378 4038 1756
"359" "GAUUAAGAAGAAGAAGAAGAACU" 1240 "-" 1079 1479 3490 2901 2780 3372 2086 1388
"360" "GCAGCCAAGUACGAGAACCAU" 821 "+" 2794 938 2037 1997 1469 2171 1890 2440
"361" "GCAGCCAAGUACGAGAACCAUAA" 121 "+" 1700 1643 2766 4266 2789 4005 2326 3088
"362" "GCAGCCAAGUACGAGAACCAUACA" 2545 "+" 4215 4171 3803 3152 4636 3615 4452 4347
"363" "GCAGCCAAGUACGAGAACCAUACUG" 1822 "-" 3475 2048 2621 4601 4482 4534 98 1879
"364" "GCAGCCAAGUACGAGAACCAUAU" 2677 "+" 4515 2249 4886 1501 1636 1527 3150 4751
"365" "GCAGCCAAGUACGAGAACCAUU" 121 "-" 1828 4915 4587 2597 2499 3808 1407 2587
"366" "GCAUGAAUGUUCGGAUGGAAA" 1047 "+" 4792 1977 1083 3218 1673 2097 2819 62
"367" "GCUUGAAUGGGCUUUCCCGUAAG" 1010 "-" 1800 4081 4161 3121 2118 2182 4746 3474
"368" "GCUUUUAGGAUAUGGUUAGGAAAU" 961 "-" 32 3129 4256 4307 1645 2680 4717 1854
"369" "GGGAUAUGGUUAGGAAUCCUACU" 2079 "+" 4224 1036 2787 369 2648 4451 382 3874
"370" "GGGAUAUGGUUAGGAAUUCUACAU" 2119 "+" 2508 2603 626 1214 2342 2632 926 4601
"371" "GGGAUAUGGUUAGGAAUUCUACUU" 1458 "+" 2704 2693 2470 1154 3544 1849 2859 4475
"372" "GUGAAUCCAUGAUUGUUUGC" 1232 "-" 4013 1008 495 4404 3606 2995 603 4654
"373" "UAAGAGGUUCUGUGUUAAAUA" 2018 "+" 4781 3944 1524 2207 1944 935 4367 4808
"374" "UAAGAGGUUCUGUGUUAAAUAAUC" 302 "+" 2546 2148 620 2198 262 3268 741 3508
"375" "UAAGAGGUUCUGUGUUAAAUCAA" 2055 "-" 1296 1317 2993 1037 2585 2830 434 4619
"376" "UAAGAGGUUCUGUGUUAAAUCC" 2165 "-" 4585 2975 4640 4259 411 4729 3089 4721
"377" "UAAGAGGUUCUGUGUUAAAUCGAG" 1243 "-" 473 4795 1746 4211 296 2866 4233 1647
"378" "UAAGAGGUUCUGUGUUAAAUCGAUC" 1850 "+" 1697 3523 2058 3561 2996 878 3905 970
"379" "UAAGAGGUUCUGUGUUAAAUCU" 682 "-" 2076 2421 815 3852 4805 2127 3082 3881
"380" "UAAGAGGUUCUGUGUUAAAUUC" 1257 "+" 1583 169 3501 4576 308 2974 2926 2545
"381" "UAAGAGGUUCUGUGUUAAAUUGGA" 1866 "-" 182 4705 118 2389 1059 3218 3818 3608
"382" "UAAGAGGUUCUGUGUUAAAUUUU" 2766 "+" 1792 451 2172 4334 2098 4313 4583 4992
"383" "UAUCUAAAUUUGAACUUAAAUUA" 1444 "+" 2877 4999 4486 4492 1737 4215 2849 4330
"384" "UAUCUAAAUUUGAACUUAAAUUAUG" 125 "-" 689 1924 208 1911 4918 3927 3734 4104
"385" "UAUCUAAAUUUGAACUUAAGUU" 1299 "+" 1966 277 1998 931 2947 3305 3674 1699
"386" "UAUGUCAUGAGUUUCUGUUACA" 965 "+" 4498 734 1054 2490 4983 2225 4662 1553
"387" "UAUGUUCGAUAAUGAGCCCAG" 2372 "+" 3677 3670 3803 1414 786 512 552 144
"388" "UAUUGUAUAUGGCAUGUACA" 2002 "-" 350 1980 2284 620 2512 2791 1537 1573
"389" "UCCAUGAUUGUUGCAGUUUU" 1675 "+" 117 2002 2440 602 3298 1143 2243 4173
"390" "UCUUUUAAUAUAUUGAGGGUU" 1463 "+" 2163 1341 240 2410 3262 1184 519 2401
"391" "UGAACGCCCAAUUUUUUCAAGGAU" 1988 "-" 4619 2330 550 3272 1925 2921 563 2613
"392" "UGAGAACAAUUGGGAUAUGU" 232 "-" 2986 4037 3461 880 1809 3966 1740 1121
"393" "UGAGCGCCCAAUUUUUUCAAGGAU" 1890 "+" 2658 3027 3211 3810 2136 2696 2661 2578
"394" "UGAGGUGGAGGUAGUAUGAGCAG" 993 "-" 4003 4659 4696 2368 3978 3839 3094 2216
"395" "UGAGGUGGAGGUAGUAUGAGCC" 736 "-" 3794 660 2407 4942 3825 1460 949 1752
"396" "UGGGAUAUGGUUAGGAGUCCUAC" 1682 "-" 2801 2625 3382 3420 4991 1032 3070 1497
"397" "UUAAGAGGUUCUGUGUUAAAU" 648 "-" 4148 733 3573 450 1758 3236 4449 2712
"398" "UUAUGAGCAACGGGAUGAUUUUU" 691 "+" 1191 3464 1602 812 3251 1932 1035 3346
"399" "UUAUGAGCAACGGGAUGAUUUUUU" 1438 "+" 2129 1460 4196 2877 4410 4966 4951 2629
"400" "UUAUGUUCGAUAAUGAGCCCAG" 2693 "-" 1082 617 1192 1733 154 4334 2575 4286
"401" "UUCAAAGUGGUUCAUAGAAAUGG" 2236 "+" 3149 1687 1148 4860 510 2336 4676 1384
"402" "UUCAUGAUGUUGUGGUUGAAU" 2253 "-" 2665 1907 213 3410 2631 415 4577 2193
"403" "UUCAUUUCUUCAAGUUCUCUGGAA" 1638 "-" 448 4197 4786 79 4655 4911 2084 555
"404" "UUCCCCCUUUAAUUUGAAUG" 2702 "-" 4857 2181 2379 4103 3958 1429 401 4559
"405" "UUCUCGUGGAGUUUCUCUGCAAA" 992 "-" 4535 2053 250 3575 90 4598 377 152
"406" "UUCUUUUCAAAAUUAAAAUUCUAU" 2395 "-" 1452 4699 4322 3848 123 3703 4633 639
"407" "UUGAAAUAGAGGGGAUUUAGUU" 2598 "+" 2983 4498 4107 2675 4405 3250 3617 654
"408" "UUGAAUUCCUUGAAGUGCUUUA" 840 "+" 3723 2256 2570 2889 2519 4521 9 527
"409" "UUGAGGUGGAGGUAGUAUGAAC" 1037 "-" 4756 4112 4732 1070 4204 3075 4095 92
"410" "UUGAGGUGGAGGUAGUAUGAGCAA" 671 "+" 2550 1750 2165 3469 405 3781 3467 2325
"411" "UUGAGGUGGAGGUAGUAUGAGCAGC" 1772 "+" 1480 4916 1593 2795 494 4834 2657 3537
"412" "UUGAGGUGGAGGUAGUAUGAGCUU" 887 "-" 3893 2304 494 4479 4671 1453 3548 4949
"413" "UUGCCAGUCCCUCUGGGCUCCC" 2514 "+" 3495 1248 1521 3438 1849 2887 4615 180
"414" "UUGGGAUAUGGUUAGGAAUCCUAC" 1879 "-" 1016 4520 141 2227 1058 2414 3080 1552
"415" "UUGGGAUAUGGUUAGGAAUUCUAC" 2627 "+" 3600 881 1581 3540 2491 1278 1340 1812
"416" "UUUAGAGUCAAAUUAUAAAAUUU" 2398 "-" 4807 3434 3680 886 2225 3498 1443 4705
"417" "UUUAGAGUCAAAUUAUAAAAUUUU" 460 "+" 4334 1417 2442 2015 3252 156 1813 4889
"418" "UUUAUGAGCAACGGGAUGAUAU" 1588 "+" 1528 4784 2157 3303 4616 2564 794 4122
"419" "UUUCCAAAAUCAAUGAAGUCUC" 2127 "+" 706 4083 4630 3772 155 3704 4731 4477
"420" "UUUGAAGUCUCCGUCUUUCUCCAC" 194 "+" 1838 3575 3828 2038 922 4179 4400 4233
"421" "UUUGGAAAACUCCAAAAUCAA" 2302 "-" 2748 1852 3846 3890 1797 2963 2959 632
"422" "UUUGGAAAACUCCAAAAUCAAU" 2500 "-" 1095 3464 4386 3909 1626 2809 207 4844
"423" "UUUGGAAAACUCCAAAAUCACU" 2084 "+" 3793 1582 3219 920 3284 1445 3210 2689
